1       3.892
2       3.970
3       3.909
4       4.165
5       3.745
6       4.235
7       3.981
8       4.094
9       3.747
10      3.856
11      3.776
12      2.731
13      3.929
14      3.877
15      3.491
16      3.794
17      3.654
18      3.864
19      3.816
20      3.931
21      3.714
22      3.506
23      3.708
24      2.729
25      3.780
26      3.635
27      3.370
28      3.943
29      3.745
30      3.940
31      3.387
32      3.569
33      2.897
34      3.816
35      3.679
36      2.542
37      3.622
38      3.243
39      3.167
40      3.131
41      2.976
42      4.246
43      3.597
44      3.871
45      3.452
46      3.493
47      3.383
48      2.153
49      3.259
50      3.093
51      3.046
52      2.878
53      2.881
54      2.938
55      2.655
56      4.107
57      3.605
58      3.664
59      3.627
60      2.508
61      3.549
62      3.194
63      3.183
64      3.266
65      3.192
66      3.364
67      3.000
68      2.897
69      2.732
70      2.557
71      2.662
72      1.903
73      2.548
74      2.277
75      2.380
76      2.395
77      2.240
78      2.449
79      2.146
80      2.294
81      1.944
82      2.030
83      1.970